1, fmRadio3.wav;
2, 91617.188209;
3, 0.018343;
4, 0.086828;
5, 0.084117;
6, 0.060273;
7, 65621 994 1778 2966 3992 4983 5991 6990 7933 8982 9993 10813 11903 12853 13999 14995 15806 16944 17919 18991 19851 20989 21988 22980 23977 24770 25997 26999 27993 28948 29899 30996 31990 32990 33991 34848 35990 36912 37885 38952 39839 40901 41995 42743 43980 44993 45852 46971 47944 48990 49941 50936 51959 52982 53981 54999 55994 56999 57995 58044;
8, 10184 6704 7772 8982 9680 10999 11309 13000 13999 14995 15992 17774 18991 19935 20989 21953 22980 23977 24953 25997 26890 28000 29000 29384 30995 31750 32990 33991 34683 35990 36266 37709 38975 39678 40999 41902 42994 43739 45000 45830 46755 47620 48940 49991 50990 51862 53981 54998 55974 56915 57995 58153;
9, 10184 6702 7773 8981 9679 10999 11309 13000 14000 14994 15992 17774 18990 19934 20990 21953 22979 23977 24953 25997 26890 27999 28993 29383 30995 31750 32990 33991 34683 35990 36266 37709 38975 39678 40999 41902 42994 43738 44999 45830 46755 47619 48939 49989 50990 51862 53981 54998 55974 56914 57993 58154;
10, 13166 8983 9696 10891 11305 12982 13996 14997 15787 17916 18865 19992 20830 21915 22983 23867 24998 26000 26996 27997 28994 29878 31000 31735 32992 33991 34783 35898 37986 38936 39956 40996 41996 42983 43978 44632 45833 46988 47992 48987 49991 50937 51845 53983 54983 55951 56999 57998 58001;
11, 42000 8981 9906 10909 11279 12608 14000 15000 15244 17662 18990 19991 20870 21983 22979 23869 24464 25997 26999 27999 28999 29875 30995 31964 32989 33990 34918 35830 37980 38980 39940 40513 42000 42972 43999 44972 45738 46717 47663 49988 50989 51987 52031 53980 54998 55974 56999 58000 58064;
12, 10172 6706 7774 8982 9674 10994 11305 12605 13995 14996 15996 17760 18992 19936 20990 21954 22981 23977 24955 26000 26884 27997 28995 29385 30998 31742 32992 33991 34683 35992 36268 37711 38975 39680 40996 41902 42994 43741 44995 45833 46755 47812 48941 49991 50993 51864 53981 54983 55974 56917 57997 58156;
13, 8982 9906 10911 11280 12609 14000 14996 15246 17663 18992 19992 20866 21984 22981 23870 24464 25999 26995 27994 28995 29877 30999 31966 32992 33991 34919 35825 37983 38982 39942 40516 41995 42973 43996 44974 45740 46690 47663 49991 50991 51988 52031 53981 55000 55974 56999 57996 58051;
15, 0.;
16, 0.;
17, 0.;
18, 0.;
