1, piano2.wav;
2, 91617.188209;
3, 0.014931;
4, 0.108336;
5, 0.09182;
6, 0.009781;
7, 56000 105 1068 3887 4792 5933 6818 7343 8396 9947 10732 11247 14237 16958 17926 18915 19883 20953 21976 22997 23997 24945 25994 26996 27985 28989 29985 30988 31988 32988 33266 35971 36203 37997 38875 39877 42878 43876 44968 45033 46036 47953 48982 49975 50427 51991 52997 53981 54786 55992 56965 57572 58801 59633 62469 63357 64022 65798 66999 67747 68998 69976 70383 71993 72988 73982 74987 75985 76987 77886 78583 80358 81815 83483 84851 85201 86380 87064 88876 90211;
8, 56000 139 4813 5975 6995 7996 8112 20977 21673 23995 24128 25994 26996 27985 28989 29985 30988 31988 32988 33988 34746 35812 36812 37996 38999 39997 40997 41140 42984 43981 44688 45980 46566 47978 48982 49748 50654 51991 52997 53998 54503 55594 56991 57384 59982 60312 62987 64000 64463 66794 68998 69694 70764 71894 72989 73009 74987 75985 76987 77234;
9, 42000 139 4813 5975 6995 7996 8114 20977 21673 23994 24128 25994 26996 27985 28989 29985 30988 31988 32988 33988 34746 35812 36812 37996 38999 39997 40997 41139 42985 43981 44687 45981 46566 47978 48983 49747 50654 51991 52997 53998 54503 55594 56991 57384 59982 60312 62987 64000 64463 66794 68998 69692 70764 71894 72989 73009 74987 75985 76986 77234;
10, 42000 6957 7997 8903 9900 10989 11508 12965 13775 14987 15199 21905 23998 25998 26997 27986 28990 29986 30989 31989 32988 33988 34679 35746 36995 37907 38994 39996 40764 41994 42986 43983 44989 45546 46318 47987 48983 49325 50977 51992 52998 53999 54482 55713 56991 57400 59982 60545 62987 64000 64976 65139 68999 69255 70629 71595 72619 74990 75987 76987 77546 79868 81840 82556 84419 85629 88174;
11, 42000 120 5899 6995 7996 8902 9152 11277 12805 13574 26382 27986 28989 29985 30988 31988 32885 33600 34704 35763 36973 37093 38999 39997 40965 41991 42985 43982 44894 45981 46612 47986 48983 49534 50838 51991 52998 53998 54714 56991 57106 59982 60073 62497 64000 64583 68946 70576 71228 74987 75986 76986 77816 79933 80463 81814 82608 84467 85669 88988 89896 90545;
12, 42000 140 4815 5975 6996 7997 8112 20978 21675 23998 24070 25990 26997 27986 28991 29986 30989 31989 32988 33988 34747 35813 36888 37999 38994 39999 40999 41142 42986 43983 44638 45982 46566 47978 48983 49655 50654 51992 52999 53999 54503 55579 56991 57385 59982 60313 62987 64000 64447 66796 68999 69700 70765 71894 72985 74987 75987 76988 77236;
13, 42000 53 4598 5900 6996 7997 8902 9525 11278 12807 13575 26382 27986 28991 29985 30989 31989 32887 33600 34674 35764 36974 37064 38999 39998 40966 41992 42985 43983 44894 45983 46609 47986 48983 49535 50839 51992 52999 53999 54714 56991 57105 59982 60073 62492 64000 64584 68946 70576 71229 74987 75986 76988 77845 79935 80465 81816 82610 84468 85664 88988 89897 90547;
15, 0.1;
16, 0.025;
17, 0.025;
18, 0.05;
