1, walking-1.wav;
2, 91617.188209;
3, 0.321619;
4, 0.031023;
5, 0.010605;
6, 0.00765;
7, 58044 7000 7418 13992 14995 15995 16995 17996 18849 19957 21999 22995 23685 24908 25834 26935 28997 29900 31996 32995 33985 34986 35596 36847 37825 38840 39981 40999 42000 42995 43976 44994 45900 46995 47606 48818 50036 50911 52003 52177 53888 55033 55600;
8, 58153 6650 7368 14995 15083 16994 17996 18386 21999 22819 23419 24814 25757 26975 29869 31996 32995 33986 34979 35545 37796 38789 39951 40999 41999 42995 43927 44994 45805 46941 47501 48816 50037 50875 51936 53774 55033 55566;
9, 58154 6649 7367 14995 15083 16994 17995 18385 21999 22819 23419 24840 25756 26975 29869 31996 32994 33986 34979 35545 37796 38789 39950 40999 41999 42996 43927 44994 45805 46941 47499 48815 50037 50875 51937 53774 55033 55567;
10, 58001 6913 7021 14833 16996 17996 18978 21987 22444 23793 24743 25814 26978 27819 28642 30997 31692 32995 33988 34802 35380 36722 40869 41558 42859 43787 45578 46572 48523 49909 55033 55045;
11, 58064 4895 6750 14604 16857 17995 18293 19660 21912 23789 25000 25231 26975 27812 28600 30995 31505 32994 33986 34751 36707 41465 42459 43995 44096 48500 49895 53722 54909 55208;
12, 58156 6651 7371 14997 15109 16996 17997 18388 21986 22963 23420 24840 25758 26978 29869 31996 32988 33988 34988 35542 37793 38789 39937 40978 41977 42998 43907 44995 45838 46941 47012 48818 50039 50875 51937 52148 53783 55033 55569;
13, 58051 227 2997 3018 4890 5947 6986 7987 8932 9915 10280 12924 13992 14997 15998 16995 17997 18984 19986 20988 22000 22997 23983 25000 25978 26977 27957 28997 29997 30997 31996 32996 33986 34987 35946 36988 38000 38988 39987 40999 41977 42998 43997 44995 45997 46998 47998 48818 50038 51036 52029 53045 54027 55033 55862;
15, 0.;
16, 0.1;
17, 0.05;
18, 0.125;
